1000
2
18.778910320691079
610	1.000000000000000	1.000000000000000	1.000000000000000	1.250000000000000
390	1.000000000000000	0.928635642255122	0.928635642255122	0.928635642255122
1.000000000000000	1.000000000000000	1.000000000000000	1.250000000000000
6.588171883829738	17.889929775349518	5.600571559982654
0.246691416018759	-0.126010471441783	0.960866643373977
-0.862691163183715	0.423139873920100	0.276977623759085
-0.441483071280001	-0.897259164447368	-0.004323145510092
1.000000000000000	1.000000000000000	1.000000000000000	1.250000000000000
5.586360463193627	10.841692587290673	12.383621967946064
-0.214125076985234	-0.939813919503967	-0.266271005014940
-0.976111741552366	0.195592021917691	0.094602478638262
-0.036828241994887	0.280167017451443	-0.959244558452996
1.000000000000000	1.000000000000000	1.000000000000000	1.250000000000000
11.727153982042369	1.078190313898396	16.598039801772025
-0.550862273051441	-0.287687213415124	0.783445482063213
-0.650193610483568	-0.440605479849807	-0.618962906814121
0.523258086429305	-0.850354560381874	0.055660548168649
1.000000000000000	1.000000000000000	1.000000000000000	1.250000000000000
12.548137896084103	2.965148278339442	17.603583145934728
0.336599697142313	0.129413505903245	-0.932712596876888
0.724463980282731	-0.668346981477482	0.168713525310683
-0.601541839904941	-0.732505601916661	-0.318720815140307
1.000000000000000	1.000000000000000	1.000000000000000	1.250000000000000
17.712908325369074	13.789963937119836	11.608730532765856
0.974369973801607	-0.224570264774457	-0.013090085290640
0.224574691852184	0.967723290446088	0.114358388004906
-0.013013913063764	-0.114367081394798	0.993353315170046
1.000000000000000	1.000000000000000	1.000000000000000	1.250000000000000
1.130738942131485	1.441133528252210	5.873764376583523
-0.273829815406544	-0.954524838180670	0.117896418477442
-0.916753031874447	0.221975184022772	-0.332100732047275
0.290828318329951	-0.199020981239217	-0.935846963067385
1.000000000000000	1.000000000000000	1.000000000000000	1.250000000000000
17.597432796131802	13.988602700888729	4.477585610763122
-0.303526931242029	-0.885422681540052	-0.351991586582465
-0.735150773155476	0.452633717070890	-0.504654395500598
0.606155708327615	0.105590687016224	-0.788305692022764
1.000000000000000	1.000000000000000	1.000000000000000	1.250000000000000
16.596729292533450	10.231266663371651	6.648339239734008
-0.582735681014902	0.738009967037848	-0.340235822078050
-0.495551756442572	0.009118459849910	0.868530546599383
0.644086626750294	0.674728198790297	0.360408483527286
1.000000000000000	1.000000000000000	1.000000000000000	1.250000000000000
15.226950154407135	11.315047885279414	5.318103642732090
0.177925223423126	0.374512705221572	0.909990576048896
-0.592492302351524	-0.697565007013574	0.402934154229087
0.785681542690336	-0.610854560937418	0.097781485251582
1.000000000000000	1.000000000000000	1.000000000000000	1.250000000000000
6.630045175206194	2.399799901677988	18.572036363241633
0.400119324861843	0.369404582754748	0.838716149904556
-0.913359199068147	0.235988246408296	0.331789874821946
-0.075362453179442	-0.898804651632097	0.431822531665197
1.000000000000000	1.000000000000000	1.000000000000000	1.250000000000000
5.335574574238359	9.672830015306102	17.095124589448844
0.730477472906061	0.582646167889070	-0.356266900821666
-0.401623269803329	0.788422546058773	0.465927717589778
0.552359856189271	-0.197264624071174	0.809929168113163
1.000000000000000	1.000000000000000	1.000000000000000	1.250000000000000
10.295424900140548	14.632547422326756	8.422220171246309
-0.327825335108573	-0.930618990710697	0.162723212198795
0.936865595423250	-0.342424698794433	-0.070909673298689
0.121710335520887	0.129203791674226	0.984120406476098
1.000000000000000	1.000000000000000	1.000000000000000	1.250000000000000
8.757393964875630	6.696355099344364	7.411218082991035
0.695806333920695	0.135491681875516	-0.705333644325962
-0.282348903319925	0.954579945077340	-0.095164201512608
0.660403393744593	0.265366035125059	0.702458699805007
1.000000000000000	1.000000000000000	1.000000000000000	1.250000000000000
5.773224680055960	1.410109154893131	11.085859407781088
0.734633056043998	-0.464103182580442	-0.494896462793862
0.245324460066707	-0.498373977228258	0.831528284614710
-0.632558441774116	-0.732278372437355	-0.252266135262209
1.000000000000000	1.000000000000000	1.000000000000000	1.250000000000000
5.460500726039205	0.681058222056621	6.275094123043829
-0.850433507909813	0.515392178174897	0.105516592533443
0.350089308676500	0.404721563929573	0.844770934420063
0.392683491598945	0.755361740073038	-0.524622070693898
1.000000000000000	1.000000000000000	1.000000000000000	1.250000000000000
17.058699003136081	5.141987516046683	8.712119890108085
0.350776481551354	-0.745334860753291	0.566949561545495
0.550634305857827	0.653860999976738	0.518910063422032
-0.757467967112652	0.130160431989232	0.639766004678019
1.000000000000000	1.000000000000000	1.000000000000000	1.250000000000000
4.625501489757364	3.637980145996960	3.905856006571218
-0.580426452543247	0.296255546517416	0.758510240105341
0.788417056302319	-0.028585553020537	0.614476534531709
0.203724516244971	0.954680845788326	-0.216981114764799
1.000000000000000	1.000000000000000	1.000000000000000	1.250000000000000
9.787732098514240	1.615633999332176	15.588966990490521
-0.629672256635301	-0.726632806985120	-0.274804681613094
-0.256186996811611	-0.139726692957333	0.956475129806679
-0.733403757753875	0.672667239493143	-0.098171854539677
1.000000000000000	1.000000000000000	1.000000000000000	1.250000000000000
15.767954108222646	15.518112097158026	10.378362863059074
0.228687318236714	0.474300917109249	0.850141606149805
0.582622107952488	-0.766301661464422	0.270801113292735
0.779906141661578	0.433382514258681	-0.451581672050626
1.000000000000000	1.000000000000000	1.000000000000000	1.250000000000000
4.113052844443739	4.571764509574735	11.967366753394343
-0.369296886641043	0.798475045332232	0.475454952122953
0.929261097833346	0.311960007428498	0.197875632198118
0.009675823993344	0.514896645692969	-0.857197656717821
1.000000000000000	1.000000000000000	1.000000000000000	1.250000000000000
2.205130017913513	8.331583485265314	18.139369834659540
0.460940633157795	0.162689354641483	0.872390913862807
0.884416245213851	-0.165177051441207	-0.436491061624668
0.073086509733466	0.972753162710216	-0.220021922842733
1.000000000000000	1.000000000000000	1.000000000000000	1.250000000000000
1.186962815122242	2.486725494776089	16.510324405599224
-0.735459050240888	-0.673304700903261	0.075899704615315
-0.617447321368994	0.712112772941251	0.334146979557939
-0.279031881248020	0.198887350919119	-0.939459967689647
1.000000000000000	1.000000000000000	1.000000000000000	1.250000000000000
9.390593659704621	8.132152039772205	6.087070673847963
-0.926225733424024	-0.376962972914587	0.002192668272806
-0.030574901064216	0.069324831917443	-0.997125490147748
0.375727382775547	-0.923630329043396	-0.075736048888967
1.000000000000000	1.000000000000000	1.000000000000000	1.250000000000000
17.068961616235796	13.718414067556225	7.499449917394690
0.110906093043170	-0.936238896847998	-0.333401509525944
-0.939153319084332	-0.208470101212684	0.273004139442732
-0.325101340782136	0.282837311768811	-0.902392471872464
1.000000000000000	1.000000000000000	1.000000000000000	1.250000000000000
8.646467087715093	0.957138650553604	8.367140617903226
-0.237387243922245	0.311746849591840	-0.920033259285848
-0.403931790917780	-0.893021736298406	-0.198371587643643
-0.883451416156166	0.324539797664050	0.337916432011144
1.000000000000000	1.000000000000000	1.000000000000000	1.250000000000000
17.166988200410930	16.678093252062194	11.442144680112211
0.142144984836009	0.976748616283682	0.160489700207570
0.158908425884021	-0.182550889360931	0.970269697030567
0.977007121502755	-0.112415805740666	-0.181162278498045
1.000000000000000	1.000000000000000	1.000000000000000	1.250000000000000
6.714445399117841	3.551021358198943	14.455727980868831
-0.750658665188252	0.524386936832367	-0.401907836271326
-0.504343360322632	-0.847761210967582	-0.164130143715417
-0.426789577279523	0.079493834086508	0.900850368854628
1.000000000000000	1.000000000000000	1.000000000000000	1.250000000000000
10.753500995735690	11.532932478337338	16.204682568570544
-0.932448898017526	-0.277838682349055	-0.230964757432457
0.331733475484750	-0.405087090371981	-0.851972623067187
0.143150109423671	-0.871039675217661	0.469891402738235
1.000000000000000	1.000000000000000	1.000000000000000	1.250000000000000
5.899127846410498	8.623912074097596	14.125865764837751
0.059369577617987	0.229414759827546	0.971516402963050
-0.383638202038887	-0.893246602575260	0.234376272099268
0.921573102465810	-0.386625626362243	0.034980592477827
1.000000000000000	1.000000000000000	1.000000000000000	1.250000000000000
13.608239184959304	11.588636320573116	0.188313781581804
0.887042634667620	-0.461687245126919	-0.000501964736653
0.052833654961890	0.100429419998276	0.993540405066856
-0.458654520510238	-0.881339219190937	0.113477801922753
1.000000000000000	1.000000000000000	1.000000000000000	1.250000000000000
6.582873288674975	14.210560942380649	7.525671446311356
-0.622277392503803	0.270737947299805	-0.734487447592112
0.147807904924417	0.962046031804832	0.229391054596906
0.768715597616955	0.034181816496387	-0.638676704914063
1.000000000000000	1.000000000000000	1.000000000000000	1.250000000000000
9.063329804271016	15.556344903220621	9.850648486490364
0.415960448620027	-0.215489665362297	-0.883482376341509
0.743383542456904	-0.479006699549100	0.466833472012282
-0.523791765864988	-0.850950519072068	-0.039056370836565
1.000000000000000	1.000000000000000	1.000000000000000	1.250000000000000
7.305605116625095	4.358768197276130	17.665009549280210
-0.884252664310942	0.178427324910479	0.431579558579280
-0.109353102042603	0.819336157150338	-0.562787846935787
-0.454025467051867	-0.544841216603610	-0.704988598458351
1.000000000000000	1.000000000000000	1.000000000000000	1.250000000000000
12.937406586357183	4.259850025123418	13.574473972277136
0.515379638578569	-0.397475522786125	0.759208164421294
-0.584691498098594	0.484596673272218	0.650616566269675
-0.626513910611018	-0.779217089801464	0.017350699452071
1.000000000000000	1.000000000000000	1.000000000000000	1.250000000000000
18.636844839034396	13.709034066126815	13.725679715256204
-0.803820576111851	-0.444117650405395	-0.395767601020391
0.589309939141087	-0.685267066504966	-0.427928549168119
-0.081155881171017	-0.577207553798367	0.812554713720386
1.000000000000000	1.000000000000000	1.000000000000000	1.250000000000000
7.647090792610653	10.496234438166931	11.854888388054579
0.506816431042991	0.673322968278536	0.538305940531166
0.728518941352071	-0.000701271074904	-0.685025299029938
-0.460865769303186	0.739348151147807	-0.490883951741690
1.000000000000000	1.000000000000000	1.000000000000000	1.250000000000000
18.407101979804885	17.371494180566241	14.053468321625695
-0.470292230459078	0.646097444700221	-0.601151653013676
0.257232322881371	0.751962603434436	0.606946270356820
0.844189996406949	0.130806479146243	-0.519839316498952
1.000000000000000	1.000000000000000	1.000000000000000	1.250000000000000
15.480892222064282	8.344776249886205	7.454481668073810
0.795233927324846	-0.391679022465917	0.462807243019124
0.385285156955399	-0.262927550750754	-0.884547596732705
0.468143512889569	0.881735020522222	-0.058180795138507
1.000000000000000	1.000000000000000	1.000000000000000	1.250000000000000
12.806242343137898	13.686244079990617	17.914223175213099
0.587340122653086	0.549007104888756	0.594661903187533
-0.570541776564895	-0.240266307832268	0.785336986595114
0.574032805260022	-0.800539380730856	0.172113446258372
1.000000000000000	1.000000000000000	1.000000000000000	1.250000000000000
8.988052594455876	11.083195816306080	10.217978603093110
0.379254548524366	-0.734651379986338	-0.562541853827036
0.648115317020908	-0.222992005028041	0.728162826253231
-0.660388161058770	-0.640751055853534	0.391568079848239
1.000000000000000	1.000000000000000	1.000000000000000	1.250000000000000
8.240946044484158	17.645617194257312	6.758657413710345
0.964246020736106	0.240969595701171	0.110287195275570
0.174192488302723	-0.889944608846620	0.421492076085530
0.199716270025885	-0.387210856164293	-0.900100641236392
1.000000000000000	1.000000000000000	1.000000000000000	1.250000000000000
13.781424913847028	8.034237878401859	3.703255525978157
-0.196553909403079	-0.642729053105652	0.740449812609086
0.304337764276147	-0.757873863517941	-0.577066488570232
0.932064958000933	0.111922166214155	0.344569793766365
1.000000000000000	1.000000000000000	1.000000000000000	1.250000000000000
6.955084520914834	13.443279338541824	9.385435176919072
-0.023694079598739	-0.744644401442020	0.667040707898649
0.605281318840083	0.520349637824173	0.602387565839384
-0.795658919169626	0.418020298331206	0.438390139633928
1.000000000000000	1.000000000000000	1.000000000000000	1.250000000000000
5.077302528784393	6.789194385741453	14.389772171963878
0.079943696455612	0.984514281010816	0.156014857886270
-0.956343650404475	0.119891324576963	-0.266519966646363
-0.281097541303542	-0.127897227395355	0.951118537036863
1.000000000000000	1.000000000000000	1.000000000000000	1.250000000000000
0.431933697544653	8.232404852013948	8.573622230815719
-0.351608319528259	0.501753097685111	0.790326146979721
-0.935904234699720	-0.207638250749464	-0.284551612710493
0.021327285551649	-0.839720302116427	0.542600185313004
1.000000000000000	1.000000000000000	1.000000000000000	1.250000000000000
13.549100982776665	16.286785528796724	1.832502437361637
0.668276305452114	-0.712503224232122	0.213882993784918
0.742203744366059	0.619109536028258	-0.256587186445049
0.050402196592231	0.330215895827238	0.942558794305107
1.000000000000000	1.000000000000000	1.000000000000000	1.250000000000000
7.060971778664160	16.708446028463953	18.339899649086245
-0.544064105642468	0.582490573257026	-0.603903122211864
0.506519933867842	0.801817950705510	0.317057613879986
0.668903435141034	-0.133389302392587	-0.731283452883460
1.000000000000000	1.000000000000000	1.000000000000000	1.250000000000000
2.688129447658574	13.141737893777794	9.462809955392803
-0.648076318550415	-0.746185845271291	-0.152327836101932
-0.722548921856099	0.665648566132217	-0.186641479662612
0.240666035948005	-0.010893609284424	-0.970546850192383
1.000000000000000	1.000000000000000	1.000000000000000	1.250000000000000
11.505991877822593	8.484199286597757	4.009442456095075
-0.049384886763916	-0.516006050749398	-0.855160153742027
-0.577031230875956	-0.684114221144054	0.446119592734780
-0.815227631739660	0.515485681680205	-0.263966703258582
1.000000000000000	1.000000000000000	1.000000000000000	1.250000000000000
10.033910849099025	16.736555340153078	14.811211692293663
0.193686436228333	0.551345428209840	-0.811482460199736
-0.743484059094141	0.622158140050599	0.245256401836557
0.640091414013333	0.555821434959093	0.530420129845297
1.000000000000000	1.000000000000000	1.000000000000000	1.250000000000000
2.517635251172238	6.742693711552343	12.816060940962570
-0.072297179442770	-0.867418115896328	-0.492299634429634
0.576525848973228	-0.439120176835775	0.689051098076708
-0.813874107776922	-0.234007013805865	0.531836115903525
1.000000000000000	1.000000000000000	1.000000000000000	1.250000000000000
8.669900142239925	2.352561521509242	1.883294300515630
0.814987539412054	0.552075686236956	-0.176090168005944
0.458178658593527	-0.427872439317646	0.779100437993313
0.354778279228114	-0.715637905883496	-0.601660003863871
1.000000000000000	1.000000000000000	1.000000000000000	1.250000000000000
12.153446244341097	9.919895255692346	17.324085868347638
-0.457005058589945	0.705249352050928	-0.542005283972216
0.100399946856118	0.646368784618185	0.756390933936438
0.883779512713625	0.291257181373979	-0.366200801751370
1.000000000000000	1.000000000000000	1.000000000000000	1.250000000000000
3.731315845849760	14.945024985711196	5.554570895454687
-0.287575734921563	-0.145643360522999	-0.946619357619084
-0.954088228858109	0.130001077021581	0.269843235096221
0.083760660446147	0.980758752960001	-0.176341771151407
1.000000000000000	1.000000000000000	1.000000000000000	1.250000000000000
16.258581286616010	14.992243474714440	12.327667391735224
0.761641697840423	-0.524997381295524	-0.379841642980523
0.001197775557083	-0.585035217112640	0.811007003712768
-0.647997291231065	-0.618151716303791	-0.444958387027263
1.000000000000000	1.000000000000000	1.000000000000000	1.250000000000000
6.185094436029408	10.130695786611630	10.420484168685384
0.363534336339664	-0.717098911228891	-0.594652787612945
0.928354255545155	0.225785910004607	0.295261069316514
-0.077467170547185	-0.659385982833185	0.747802756834510
1.000000000000000	1.000000000000000	1.000000000000000	1.250000000000000
8.514803308208112	17.806785971752809	8.981206038612070
0.001862216946735	0.691212521311113	0.722649142067836
0.453016400469196	0.643660996611870	-0.616827903345369
-0.891500237270495	0.328520580516552	-0.311931971947755
1.000000000000000	1.000000000000000	1.000000000000000	1.250000000000000
7.561750033452654	1.830670232647978	3.538292810538087
0.598096530858398	-0.574399601473040	-0.558878911394518
0.357887873411987	0.815390247323435	-0.455032981919428
0.717075177257437	0.072137662818372	0.693252730079797
1.000000000000000	1.000000000000000	1.000000000000000	1.250000000000000
15.327878005810224	11.585316966297745	11.592127585531497
0.997576880294203	-0.058007350814851	-0.038412434863735
0.061331456552552	0.993876199345099	0.091916009550536
0.032845400558461	-0.094049176636438	0.995025593657573
1.000000000000000	1.000000000000000	1.000000000000000	1.250000000000000
0.504070819296493	2.373757414989575	8.000244797063861
-0.775749889840863	0.486802760889543	-0.401541007124087
0.169754606746270	0.773843621200449	0.610204411173125
0.607779139079434	0.405202568991110	-0.682946115138105
1.000000000000000	1.000000000000000	1.000000000000000	1.250000000000000
16.367257405419206	3.435906444127784	17.522921894921279
0.386615920767103	0.273961795186343	0.880609484724656
-0.588073380917923	0.808780913310373	0.006567565781941
-0.710420881213759	-0.520402122442402	0.473797216635925
1.000000000000000	1.000000000000000	1.000000000000000	1.250000000000000
12.617195127981416	12.987813471173084	1.290025719583141
-0.241474109372330	0.965717611645871	0.095287717250061
-0.850002436749632	-0.257864143075469	0.459349476144480
0.468173164567334	0.029926213787773	0.883129837399234
1.000000000000000	1.000000000000000	1.000000000000000	1.250000000000000
13.968948737928075	7.105378342364417	8.413196991877841
0.720692795801377	0.687630921818687	-0.088122695367226
0.305438596185868	-0.429063705996400	-0.850065644615841
-0.622341673070240	0.585720113667810	-0.519252145305739
1.000000000000000	1.000000000000000	1.000000000000000	1.250000000000000
12.454812544396749	10.729447875379263	5.984171060902661
0.509716358942938	0.853051267776729	0.111771051566504
0.116027747903275	0.060568808252449	-0.991397488993337
-0.852482724246938	0.518300061748897	-0.068104705038216
1.000000000000000	1.000000000000000	1.000000000000000	1.250000000000000
16.138711932677722	8.016713285995852	3.342051696493107
-0.193991898723966	0.940314646456777	0.279598835633782
0.521253753811082	-0.142648142380835	0.841395288560779
0.831060567808431	0.308965812240621	-0.462469955239231
1.000000000000000	1.000000000000000	1.000000000000000	1.250000000000000
11.248853357462194	17.012489841223807	12.685436547003677
0.968525118166842	0.246181537991218	-0.036793285144965
0.223626449465969	-0.925482754184649	-0.305733352458694
-0.109317457794956	0.287882479596444	-0.951405997123109
1.000000000000000	1.000000000000000	1.000000000000000	1.250000000000000
2.738949529527770	5.928936539227021	10.874686858282914
-0.824834275463250	-0.049775025836096	-0.563179247508304
-0.547951357952021	-0.175006108799574	0.817998882151011
-0.139275724156065	0.983308348731350	0.117076743954353
1.000000000000000	1.000000000000000	1.000000000000000	1.250000000000000
10.463614046122496	13.293476180978999	12.900870596034760
-0.492491135158709	-0.815581154531334	0.303776006562263
-0.782197267074707	0.567829539545424	0.256392373910939
-0.381601778258510	-0.111341790862436	-0.917596364659417
1.000000000000000	1.000000000000000	1.000000000000000	1.250000000000000
13.244106420218870	11.555855755717278	4.340488227537618
-0.594951005105431	-0.352101753226735	0.722535574832405
-0.748857099071896	0.569369404324338	-0.339162979390922
-0.291969770172323	-0.742861250028421	-0.602420796878546
1.000000000000000	1.000000000000000	1.000000000000000	1.250000000000000
5.871809388616240	12.211631212532069	8.190320707957119
0.941988044335364	-0.318109393838969	0.107074450175658
-0.159675740100317	-0.705313004599461	-0.690678813607365
0.295232420903286	0.633513992816239	-0.715190770741047
1.000000000000000	1.000000000000000	1.000000000000000	1.250000000000000
16.107109337468597	8.550351253985411	11.231185695423211
0.667474036475699	-0.146301801188238	0.730119300936852
-0.600550424896844	0.473936641546986	0.643990098491072
-0.440247200771279	-0.868320126893232	0.228478794300334
1.000000000000000	1.000000000000000	1.000000000000000	1.250000000000000
12.340838597226313	2.183106654468453	6.416759741005082
0.181859108554276	0.867262700931097	0.463446514939682
0.564572524509877	-0.477972560650236	0.672904224858935
0.805099452989254	0.139275406439548	-0.576556356271180
1.000000000000000	1.000000000000000	1.000000000000000	1.250000000000000
14.157138822245459	14.272966225836194	12.124435617463675
-0.913255459336506	0.119874875208008	0.389351358396327
-0.035112708744644	0.929009432123856	-0.368386444795839
-0.405871363458646	-0.350102112702068	-0.844213804083239
1.000000000000000	1.000000000000000	1.000000000000000	1.250000000000000
5.098621113698830	7.618764462129882	3.108564993513347
0.804258570238967	-0.577359638189550	0.140797728627490
-0.513249475206650	-0.794252145072998	-0.325174578105138
0.299571574747012	0.189260080936550	-0.935113625911930
1.000000000000000	1.000000000000000	1.000000000000000	1.250000000000000
10.675880091664299	4.633947314325297	13.494482768049853
0.570480006926578	0.653106629291895	0.498000293645031
-0.501110169502428	-0.203623506883485	0.841086241394030
0.650723566281651	-0.729375896377036	0.211115234090316
1.000000000000000	1.000000000000000	1.000000000000000	1.250000000000000
12.797749327337280	18.740516021377825	9.793038125596318
-0.521059215802334	-0.789199739975498	-0.325055478416737
0.334087170800331	0.161869510693958	-0.928538649607213
0.785419032066920	-0.592420485743889	0.179317908020269
1.000000000000000	1.000000000000000	1.000000000000000	1.250000000000000
6.428947494969259	18.401508428585139	14.853556787768769
-0.992529701094172	0.122003093086162	0.000194221132820
0.103815964914010	0.845406339505582	-0.523937368919656
-0.064086175368576	-0.520003236911582	-0.851756770283827
1.000000000000000	1.000000000000000	1.000000000000000	1.250000000000000
16.493253009507747	10.384937001182278	10.025415101037600
0.234027668338875	-0.846295614498891	0.478554890614188
0.673658982429977	0.496063083774640	0.547818393545624
-0.701009718792999	0.194178139333412	0.686207129343046
1.000000000000000	1.000000000000000	1.000000000000000	1.250000000000000
9.376354089199411	6.182170377375861	2.369894304847358
-0.277209265169402	0.744431878658860	-0.607434112757226
-0.063555035366062	-0.645033282284685	-0.761506941677868
-0.958705262728497	-0.172491283205083	0.226121596567733
1.000000000000000	1.000000000000000	1.000000000000000	1.250000000000000
14.299136097117128	10.836083982380579	14.039164076249072
0.737451469316127	-0.636418214671495	-0.226135327708689
-0.633945206329998	-0.536742598438259	-0.556795167356559
0.232978122953728	0.553966821258000	-0.799275894274940
1.000000000000000	1.000000000000000	1.000000000000000	1.250000000000000
4.994948438936929	7.566733160652039	5.554619590879777
0.789148167893570	0.145397606653632	-0.596745092220588
0.605120388068623	-0.017582654468935	0.795939800616306
0.105235379287432	-0.989217057192499	-0.101858375723361
1.000000000000000	1.000000000000000	1.000000000000000	1.250000000000000
15.626219320084152	4.120129297769126	7.659546792754408
0.798737804719545	-0.543171261047029	-0.258810549405221
-0.589425227745672	-0.792752728641849	-0.155309407723558
-0.120813162396613	0.276600962403562	-0.953360418408368
1.000000000000000	1.000000000000000	1.000000000000000	1.250000000000000
2.865867884168693	17.391387768441501	3.449042764051032
0.351036542828736	-0.374059942725205	0.858401132832346
-0.705640613926969	0.496926854799855	0.505108923850247
-0.615503590220424	-0.783034392747757	-0.089512402482402
1.000000000000000	1.000000000000000	1.000000000000000	1.250000000000000
14.501434864248163	3.610187205426017	10.554421462356885
-0.033613714582647	-0.976860567401177	-0.211219199051228
0.363984738175343	-0.208790122513653	0.907701379923613
-0.930798167470154	-0.046369349753240	0.362580549445184
1.000000000000000	1.000000000000000	1.000000000000000	1.250000000000000
17.873328757515416	13.966621688020828	15.752878070296479
-0.850000602224210	-0.475537934483370	-0.226633292091917
0.505191774557244	-0.613961704000169	-0.606491794618144
0.149265693097903	-0.630011665675130	0.762105671133686
1.000000000000000	1.000000000000000	1.000000000000000	1.250000000000000
12.394362204657890	7.809017824215119	13.046989983755223
0.218145049172144	-0.879900110716386	0.422123835719673
-0.506748164850737	0.267530044739450	0.819532777001847
-0.834037789875305	-0.392687497027949	-0.387527411592776
1.000000000000000	1.000000000000000	1.000000000000000	1.250000000000000
5.227909779795875	14.671208531034093	13.295348103322008
-0.328150312041812	0.417360727032914	-0.847423976671116
0.891385396441816	-0.160105378308001	-0.424026346878043
-0.312649080786330	-0.894525735441263	-0.319490627274135
1.000000000000000	1.000000000000000	1.000000000000000	1.250000000000000
2.928613682602112	13.779439171903363	3.776855250910411
0.682859920757794	0.602405620651479	-0.413291418770850
-0.649984921103765	0.759242355254223	0.032720762902733
0.333499521678550	0.246289492659740	0.910010744356475
1.000000000000000	1.000000000000000	1.000000000000000	1.250000000000000
13.752049719222212	5.334091512846177	7.354658285738483
0.656821475339817	0.679936317378892	0.325994100930253
0.035906844288673	0.403632924170161	-0.914216145700087
-0.753190711616343	0.612182217019341	0.240700405274832
1.000000000000000	1.000000000000000	1.000000000000000	1.250000000000000
16.961303296149943	3.232984350262365	0.887036830328835
-0.692000588605461	0.356659611236030	0.627637719613735
0.476410943093092	0.878842426260106	0.025857360772655
-0.542372380076930	0.316906786796437	-0.778076018015617
1.000000000000000	1.000000000000000	1.000000000000000	1.250000000000000
11.999334469567957	7.067329037162503	9.237860259486000
-0.734721754342196	-0.589551309303280	-0.335578898912352
0.620932535933385	-0.783673248533601	0.017292349516082
-0.273178933148108	-0.195666791334225	0.941853373542188
1.000000000000000	1.000000000000000	1.000000000000000	1.250000000000000
16.701434846421527	4.581188786686135	12.660601064152429
-0.018863538203434	-0.969030781908306	0.246218420593393
-0.315465837765704	0.239451299945205	0.918228936679679
-0.948749425363085	-0.060352453699288	-0.310213006179837
1.000000000000000	1.000000000000000	1.000000000000000	1.250000000000000
4.704893994965020	7.912572618982351	9.303783335896414
-0.957547454094946	0.024028695426275	-0.287272509913355
0.261966902423920	0.488446456267818	-0.832342117998059
0.120317144206504	-0.872262965598583	-0.474005383571057
1.000000000000000	1.000000000000000	1.000000000000000	1.250000000000000
7.472508298174956	4.860166575683041	12.436606260167521
0.759055435377714	-0.057926150443353	-0.648443834975412
-0.646160946618287	0.054506825217369	-0.761252282144161
0.079441028997114	0.996831764691719	0.003944085741997
1.000000000000000	1.000000000000000	1.000000000000000	1.250000000000000
0.498644209142822	4.455788351308753	8.781632057012544
-0.040966803682354	0.052076583917280	-0.997802460610816
0.910711128083611	-0.408847287075019	-0.058729354119063
-0.411007253195700	-0.911115758428067	-0.030677557940382
1.000000000000000	1.000000000000000	1.000000000000000	1.250000000000000
14.837672620735677	0.673913663281045	15.054273243691890
-0.087588240867780	-0.219024416274600	-0.971780121805471
-0.888533564239300	-0.423870350426431	0.175618994556997
-0.450373628536704	0.878841414080933	-0.157484486898043
1.000000000000000	1.000000000000000	1.000000000000000	1.250000000000000
9.419799098474440	5.103163897119845	11.746518679653478
-0.451768835437095	-0.655448296917098	-0.605220992196972
0.531912676500550	0.346733979186791	-0.772557086728537
0.716221909679288	-0.670941933213836	0.191997651937214
1.000000000000000	1.000000000000000	1.000000000000000	1.250000000000000
3.163593768073413	8.823660671398819	8.301321519653989
-0.145452341453103	0.675121946452060	-0.723224704904760
-0.705953663806655	-0.582968401978710	-0.402215448301304
-0.693161626840117	0.452059951458968	0.561398930675089
1.000000000000000	1.000000000000000	1.000000000000000	1.250000000000000
8.954016542412717	3.356084384044188	12.800970969593884
-0.157884952770057	-0.463669065593522	0.871827585764684
-0.532479530346532	0.783513023725274	0.320270028902913
-0.831587572928617	-0.413664525024128	-0.370599203029043
1.000000000000000	1.000000000000000	1.000000000000000	1.250000000000000
16.659767429363541	1.609210171127050	14.850685717481809
0.341849280661353	-0.504918354764935	-0.792588496213916
-0.937027193200176	-0.118926246878183	-0.328384815432172
0.071547945564255	0.854935086905673	-0.513777080707699
1.000000000000000	1.000000000000000	1.000000000000000	1.250000000000000
16.633257507954024	12.213397570197023	4.193486963731226
0.605282216294676	0.249497060911109	-0.755899897627381
-0.500661761881556	-0.618935381231304	-0.605191535009088
-0.618846700583756	0.744761848145290	-0.249716941194848
1.000000000000000	1.000000000000000	1.000000000000000	1.250000000000000
7.875973272450784	8.654619772192930	7.405821495849002
-0.969806566598274	0.232986984431090	0.072057535819825
-0.116214447903300	-0.181746940611387	-0.976453916821763
-0.214404816832981	-0.955345547256925	0.203335830228384
1.000000000000000	1.000000000000000	1.000000000000000	1.250000000000000
0.237201897953753	15.582832551820513	14.906457523817137
0.773938570215137	-0.271260562963316	0.572220933306240
0.629232434640415	0.431170455086827	-0.646651824288560
-0.071313622326091	0.860528759333394	0.504385389984246
1.000000000000000	1.000000000000000	1.000000000000000	1.250000000000000
10.617331686916694	3.116718680001442	16.627165439551831
-0.385254943182387	0.701445091756605	0.599627727846944
0.911851547192488	0.389203830180698	0.130564675373302
-0.141793457663183	0.597072157969320	-0.789556491671469
1.000000000000000	1.000000000000000	1.000000000000000	1.250000000000000
6.104785477684548	4.335913288573909	5.169614214316057
0.990804320045177	-0.011013901493879	0.134853599701673
0.029736150528640	-0.954587432018994	-0.296443242429608
0.131994548108383	0.297727272187513	-0.945481840472521
1.000000000000000	1.000000000000000	1.000000000000000	1.250000000000000
12.276629989666020	1.072701610556614	3.371335454956956
-0.162360285634970	-0.441067948049660	-0.882665396881055
-0.566041043525029	0.774344850821352	-0.282820771958173
0.808230582626442	0.453705981015355	-0.375385412738795
1.000000000000000	1.000000000000000	1.000000000000000	1.250000000000000
9.299084107675416	11.259180354834951	8.000743470578428
-0.687021883319674	-0.393970156310662	-0.610564040683529
-0.530864787393876	0.845888579498692	0.051527551642015
0.496168831492062	0.359527505219756	-0.790288848235187
1.000000000000000	1.000000000000000	1.000000000000000	1.250000000000000
3.944828009844360	15.950006103011278	16.663109934189574
0.360196878371231	-0.786871430381592	0.501090371947714
-0.228473796537062	0.446376672659938	0.865186448345464
-0.904465551088316	-0.426123477590191	-0.018996019015984
1.000000000000000	1.000000000000000	1.000000000000000	1.250000000000000
10.552813947233263	5.185129301302769	0.691876559188009
-0.021199195232019	0.998931811000084	-0.041058873473628
0.661575757347543	0.044806882724128	0.748538483012205
0.749578622567155	-0.011295141874097	-0.661818939255541
1.000000000000000	1.000000000000000	1.000000000000000	1.250000000000000
5.522877620465271	2.157076444471347	2.799203367901523
-0.251852104578002	0.544653106401541	0.799952193012558
-0.905811942208601	0.158333175401771	-0.392982608926878
-0.340698169603095	-0.823579746747522	0.453476744690073
1.000000000000000	1.000000000000000	1.000000000000000	1.250000000000000
3.817002826594549	0.650221773274868	11.911562914237425
0.458672238270539	-0.174315454395912	0.871340289553256
0.679250555904419	-0.563436460895473	-0.470274427155698
0.572920989441946	0.807560200165866	-0.140028793341003
1.000000000000000	1.000000000000000	1.000000000000000	1.250000000000000
7.470469497841431	7.379698296346057	3.432398877514344
-0.944275444478320	0.016224806856585	-0.328756202371236
0.114287460408382	-0.920485051198484	-0.373691914432488
-0.308678248907041	-0.390440810061205	0.867337138884843
1.000000000000000	1.000000000000000	1.000000000000000	1.250000000000000
15.043515618658301	8.050879784625375	18.095229602988109
-0.004474793169435	-0.655877519480007	-0.754854062495405
-0.756879287540183	-0.491115312144080	0.431207020199290
-0.653539379316333	0.573262967246935	-0.494222470213463
1.000000000000000	1.000000000000000	1.000000000000000	1.250000000000000
8.936761540439397	0.425095037999100	4.365347751817542
0.336725821840116	0.434788953528558	0.835209127581230
0.267977104106233	-0.894578199551177	0.357656422509151
0.902664939265848	0.103384770526522	-0.417741064108084
1.000000000000000	1.000000000000000	1.000000000000000	1.250000000000000
10.555440403465063	5.987792663824317	8.366314406602454
0.951764010135149	0.037003091733852	0.304591595767713
-0.131562911333442	0.946031062227983	0.296169596110283
-0.277193920156200	-0.321956519580929	0.905266551975364
1.000000000000000	1.000000000000000	1.000000000000000	1.250000000000000
12.843206606193162	1.229807424692871	8.148875753679670
0.934191039412795	-0.070840744516497	0.349669402145612
0.355378121777898	0.271354859097048	-0.894467959742552
-0.031519715135457	0.959868808411045	0.278672528601205
1.000000000000000	1.000000000000000	1.000000000000000	1.250000000000000
15.153039339961294	10.526299587290854	0.900847358974643
-0.521607596041169	0.678915349725321	-0.516719908324114
0.846929917257861	0.485226841679988	-0.217404294728423
0.103127256361949	-0.551025280744750	-0.828091727391306
1.000000000000000	1.000000000000000	1.000000000000000	1.250000000000000
6.470784704073385	16.245206163171982	14.728008851992278
0.990928143970315	0.133549182860153	0.015034268993916
-0.092335476575609	0.757834357903477	-0.645880210058550
-0.097650259868416	0.638632681387957	0.763290721159903
1.000000000000000	1.000000000000000	1.000000000000000	1.250000000000000
5.290130338721759	6.016238680723291	1.215565581296537
-0.318104311335663	-0.213677310954405	-0.923662088586859
0.779751863138295	-0.613134339114258	-0.126701673746731
-0.539255671310975	-0.760531583158092	0.361655958027266
1.000000000000000	1.000000000000000	1.000000000000000	1.250000000000000
4.005142755622099	12.065197698665699	3.296558683228995
0.186613036234097	0.659109187241147	-0.728526357794675
0.944177112033658	-0.325244068222592	-0.052401118276085
-0.271486934894005	-0.678079180759414	-0.683010592012345
1.000000000000000	1.000000000000000	1.000000000000000	1.250000000000000
6.015920797094567	15.353742658833101	2.997269099428823
0.094980292203263	-0.699905101833670	0.707892359416436
-0.261853029955679	0.668499330490411	0.696090249778432
-0.960422685485764	-0.251478614519467	-0.119778009848920
1.000000000000000	1.000000000000000	1.000000000000000	1.250000000000000
17.795668774030879	3.826588153777497	10.082556360429189
0.860950882116833	-0.344798334910024	-0.374002255107442
0.096160652763282	0.832288703873694	-0.545938313607294
0.499516473644593	0.434061771695505	0.749715726732574
1.000000000000000	1.000000000000000	1.000000000000000	1.250000000000000
3.445103616158672	0.036389372637796	1.798224997363044
0.392079650808859	0.847229996909649	0.358433926628006
-0.854594598559725	0.191230322722541	0.482803309623536
0.340502011056535	-0.495613050683404	0.799015697253877
1.000000000000000	1.000000000000000	1.000000000000000	1.250000000000000
1.099180810851228	8.466390935812392	2.710127999732157
0.511693894555810	-0.725314364430896	0.460530597271330
-0.857180039060206	-0.394534460270876	0.331036161611812
-0.058410092530446	-0.564146818131414	-0.823605869746283
1.000000000000000	1.000000000000000	1.000000000000000	1.250000000000000
6.447762489500407	17.656719702682800	7.840032953148937
-0.140177971975764	-0.989954274852682	0.018457244450892
-0.881791734496496	0.133297093412195	0.452410457284836
-0.450325963214882	0.047142534804439	-0.891618813319352
1.000000000000000	1.000000000000000	1.000000000000000	1.250000000000000
10.971975151101267	12.056663159224547	10.789390754967416
-0.201174171766592	0.942219968084485	-0.267862808833054
-0.198196273152899	-0.306950259943805	-0.930859696854475
-0.959295152661941	-0.134175518118621	0.248494950482324
1.000000000000000	1.000000000000000	1.000000000000000	1.250000000000000
3.114555279104127	7.834208785863648	2.631678899380335
0.429594828873748	0.409953396622685	-0.804603315679541
-0.783577794323434	-0.273636426997599	-0.557789338426900
-0.448836410340999	0.870092706794602	0.203677584271346
1.000000000000000	1.000000000000000	1.000000000000000	1.250000000000000
2.333337536680395	14.204503878521022	17.060163255309156
0.133357317647670	0.124702689323436	-0.983191265779114
0.410266235952358	-0.910004853692069	-0.059772752108676
-0.902162646902858	-0.395399045942800	-0.172517109296597
1.000000000000000	1.000000000000000	1.000000000000000	1.250000000000000
18.096853181201219	0.511993333646670	5.742167161022679
-0.135979510189769	0.394582206827933	0.908743338276832
0.663745515141993	0.717250901885613	-0.212115616760374
-0.735494027125576	0.574330937525733	-0.359433596458446
1.000000000000000	1.000000000000000	1.000000000000000	1.250000000000000
17.523088883131692	5.329419230798664	16.664455538804450
0.316244249978589	-0.235191854464793	-0.919061676900876
0.001161047568652	0.968876908170523	-0.247540277090114
0.948677092757290	0.077216114942448	0.306674820076754
1.000000000000000	1.000000000000000	1.000000000000000	1.250000000000000
0.465243094834306	9.453616559025210	13.741694806869178
-0.803879203661259	0.377364546380001	0.459754526955017
0.476193856278341	-0.054831920467982	0.877629119696597
0.356395338300978	0.924440078983766	-0.135620438002401
1.000000000000000	1.000000000000000	1.000000000000000	1.250000000000000
4.208179986210006	9.623950071067544	0.037353433441096
-0.298476031967165	-0.121979990180347	0.946590164926650
0.101544340488370	-0.990228417753825	-0.095584661882982
0.948999897394527	0.067591143414498	0.307945826527927
1.000000000000000	1.000000000000000	1.000000000000000	1.250000000000000
13.794048972958526	11.753400946037114	16.971596895827055
0.443471863154058	0.186300143218648	0.876712588723661
-0.779146119164957	-0.403352651626112	0.479831182204422
0.443016965341138	-0.895878839498713	-0.033720518336076
1.000000000000000	1.000000000000000	1.000000000000000	1.250000000000000
15.150013450940493	14.565802325390816	7.174202680877173
-0.025951205458108	0.811085022158998	0.584352309625118
0.675998271246383	-0.416395572643526	0.607981138156815
0.736446109506091	0.410798994536373	-0.537486105755798
1.000000000000000	1.000000000000000	1.000000000000000	1.250000000000000
15.875378616466284	1.218443507085689	5.752138030020537
0.345816315924002	-0.840866655400252	-0.416358431494657
0.325345941604213	0.523663766531868	-0.787353972430551
0.880091525877573	0.136819324134579	0.454664028289717
1.000000000000000	1.000000000000000	1.000000000000000	1.250000000000000
7.928070303727826	12.345925680688245	17.975655273710334
