1000
19.546197962426184
1.000000000000000	1.000000000000000	1.000000000000000	1.250000000000000
10.552190355398462	14.811127745450602	6.893916994670151
-0.100052730134456	-0.050679466107510	0.993690617298632
-0.919239328656484	0.386905366318096	-0.072823719797593
-0.380773565053477	-0.920725707922138	-0.085297496605134
1.000000000000000	1.000000000000000	1.000000000000000	1.250000000000000
11.665148559868335	4.722388322592010	7.307949765271194
-0.130543304248189	0.915102049497654	-0.381505812171906
-0.153618515155118	-0.398821036573112	-0.904070313962204
-0.979469140665866	-0.059413969668428	0.192640033977177
1.000000000000000	1.000000000000000	1.000000000000000	1.250000000000000
12.624858050361192	10.894131338783437	1.891876726530906
0.792278570972300	-0.392259375229024	0.467362010141549
-0.538018610937951	-0.810414434651402	0.231871555808006
0.287803127611776	-0.435156324386216	-0.853116834369046
1.000000000000000	1.000000000000000	1.000000000000000	1.250000000000000
13.346681322337098	18.718809738915212	17.332122383769583
0.008569098140875	-0.911533046855864	-0.411137537871183
0.888142749629694	0.195864357183648	-0.415739834349443
0.459487787473107	-0.361586307919283	0.811249847511906
1.000000000000000	1.000000000000000	1.000000000000000	1.250000000000000
16.535499035528410	4.173206717217428	2.154624937659599
0.920475002810048	-0.191112033069036	0.340884085897283
0.246872809032222	-0.391832922142413	-0.886296100231867
0.302951457105448	0.899968417191306	-0.313492045666495
1.000000000000000	1.000000000000000	1.000000000000000	1.250000000000000
15.603177882491256	12.717333133250214	14.302949838350193
0.172774981221154	0.245387985911673	-0.953904367446452
-0.510337619029346	-0.806030975377092	-0.299782556756591
-0.842439505523284	0.538608209278366	-0.014031266165875
1.000000000000000	1.000000000000000	1.000000000000000	1.250000000000000
0.416129065888997	4.228403302905752	11.877846995793323
0.471577591879972	0.677946113756394	-0.563918116111919
-0.863230517966353	0.224273764213412	-0.452254741862728
-0.180132306065182	0.700064529545825	0.690986256580826
1.000000000000000	1.000000000000000	1.000000000000000	1.250000000000000
0.836257868999165	9.890707936034616	4.465374561961265
0.241456446012727	0.510582389085933	-0.825229912590315
-0.493025811730336	-0.667916554682438	-0.557506076153931
-0.835837504330811	0.541473083297623	0.090457539307620
1.000000000000000	1.000000000000000	1.000000000000000	1.250000000000000
13.995612963417916	17.787383362555715	15.604604293828855
0.199297576179025	-0.853832166989775	0.480885752276747
-0.682478012478987	0.231212270281287	0.693371940991220
-0.703209953436271	-0.466381299673393	-0.536641635267898
1.000000000000000	1.000000000000000	1.000000000000000	1.250000000000000
8.964579507761401	14.113918170166142	5.478724515111362
0.412917428598638	0.255243833939063	-0.874271000546145
0.782012223017378	-0.591417095236156	0.196679186783597
-0.466857665901547	-0.764902872722272	-0.443810224184355
1.000000000000000	1.000000000000000	1.000000000000000	1.250000000000000
3.560089839957865	3.584206370330626	18.344290438523934
-0.797789804927705	-0.517569260150624	0.309278981019439
0.578402569493082	-0.801803937325478	0.150202908406538
0.170240696536954	0.298718106309071	0.939034396710913
1.000000000000000	1.000000000000000	1.000000000000000	1.250000000000000
11.178374203127923	14.267971747901052	3.216262693580312
-0.808987777792537	0.580260450551398	0.094003111162632
0.525706553641566	0.785736175081739	-0.325962087713371
-0.263004552889945	-0.214281293382964	-0.940697683884462
1.000000000000000	1.000000000000000	1.000000000000000	1.250000000000000
0.681202201138671	9.256406881104787	15.630898910896009
-0.722879308165482	-0.313100681345252	-0.615965477252827
-0.686157276951768	0.430351896775029	0.586502716301615
0.081447511398813	0.846619872365383	-0.525928792332037
1.000000000000000	1.000000000000000	1.000000000000000	1.250000000000000
2.357780485070546	0.531603784601611	16.256066679571667
-0.888619713611398	0.176954445884864	-0.423133700692705
-0.330424047245852	0.392825518890829	0.858200478157201
0.318080105605242	0.902427413030215	-0.290602495908593
1.000000000000000	1.000000000000000	1.000000000000000	1.250000000000000
17.240867656627735	17.824277484078387	1.777476816955479
-0.904581638484632	0.029366218254946	0.425287766743476
0.195908167975289	0.914676224465845	0.353535562733560
-0.378618606300315	0.403119125845127	-0.833152399828941
1.000000000000000	1.000000000000000	1.000000000000000	1.250000000000000
2.041041402699948	15.120645021715623	13.855457380009161
0.294198586757552	-0.219709354922151	-0.930147832825399
0.899145463200391	0.393563429670933	0.191429524453333
0.324013313857054	-0.892656499548474	0.313336474509580
1.000000000000000	1.000000000000000	1.000000000000000	1.250000000000000
16.991343274844461	14.997632171778280	16.553583406097008
0.839450212992999	0.400313923948728	0.367521566984504
0.496474955195191	-0.289916676354741	-0.818205927401685
-0.220988594207443	0.869308393531377	-0.442116453172666
1.000000000000000	1.000000000000000	1.000000000000000	1.250000000000000
8.641244618262917	15.948792034624223	7.199140351020784
-0.411550491312493	-0.821179529406041	-0.395335773216347
0.077981470220223	-0.463911332837654	0.882442726508192
-0.908044648352981	0.332340872823523	0.254959723972603
1.000000000000000	1.000000000000000	1.000000000000000	1.250000000000000
12.649611261394405	9.793311141353794	5.574355030778786
0.424606673678471	0.577860128039556	-0.696984106769867
0.829218644355852	-0.557256152000669	0.043151140311710
-0.363463357878622	-0.596274478306472	-0.715787073088128
1.000000000000000	1.000000000000000	1.000000000000000	1.250000000000000
11.279437576035969	19.131060208338894	17.454143624494922
0.051301540662258	0.282622502769120	-0.957858378286602
-0.728132554768766	0.667022106674894	0.157811570845391
0.683513814499178	0.689351891369791	0.240005906704629
1.000000000000000	1.000000000000000	1.000000000000000	1.250000000000000
18.049910180959476	3.418847009307535	1.085641562190452
0.361058951647522	-0.664889245905508	0.653879747441597
0.738458876155588	-0.224344518117059	-0.635883657140442
0.569486542126034	0.712454790053541	0.409991768780104
1.000000000000000	1.000000000000000	1.000000000000000	1.250000000000000
18.908737294545286	11.688445509085369	16.157697357233573
0.033916054891928	0.063042789335449	0.997434362718555
0.347565015519848	0.934970528507432	-0.070913121556907
-0.937042294245873	0.349078383081587	0.009799043713403
1.000000000000000	1.000000000000000	1.000000000000000	1.250000000000000
1.237078545383507	12.292734274431304	7.000737267703114
-0.507493262787434	-0.233316288233043	0.829466152335958
0.300877199685299	-0.950031616933764	-0.083143475603169
0.807417797014084	0.207372699435243	0.552334196473463
1.000000000000000	1.000000000000000	1.000000000000000	1.250000000000000
18.195512065663152	14.112010359847918	8.423048287392502
0.497479093929648	0.744065408014568	0.445961006926388
-0.826045331185620	0.563304047947641	-0.018375537866075
-0.264884242508249	-0.359242561734296	0.894863743767052
1.000000000000000	1.000000000000000	1.000000000000000	1.250000000000000
13.627821620375160	13.436113027109773	6.784327587070553
0.643331256060384	-0.563561088423001	0.518192816036280
-0.413522265635303	0.313836117584097	0.854696570207068
-0.644301350922098	-0.764137285385076	-0.031144474386085
1.000000000000000	1.000000000000000	1.000000000000000	1.250000000000000
14.433149274308695	13.437297194197569	19.253964851151288
0.267006505402796	-0.066892345421787	0.961370344974515
0.874576737872636	-0.402166104067446	-0.270883654564239
0.404750609194604	0.913119838171238	-0.048878476790870
1.000000000000000	1.000000000000000	1.000000000000000	1.250000000000000
9.142284997805527	9.682163619598624	15.302422125754278
-0.481671285911096	0.156923728569124	0.862187749704969
0.520554039351877	0.842694700766985	0.137437743776622
-0.704993804543034	0.515015130566232	-0.487589120925715
1.000000000000000	1.000000000000000	1.000000000000000	1.250000000000000
6.673110548471038	1.300435701917442	11.218133261044903
0.496453481824120	0.677486735952240	-0.542720612279736
0.847324381974126	-0.242357757345677	0.472550641906622
0.188614241500063	-0.694459818897312	-0.694370382317746
1.000000000000000	1.000000000000000	1.000000000000000	1.250000000000000
14.863610142456350	13.795074796920142	1.698637538712380
0.804259185138417	-0.182627599790209	-0.565521284228384
-0.423740922220285	0.490970386275691	-0.761177844288491
0.416666286080627	0.851818783307014	0.317480655235200
1.000000000000000	1.000000000000000	1.000000000000000	1.250000000000000
1.533674580600857	6.260764508203853	2.319139182445330
0.828334544181936	0.559978155921870	0.016921814494152
0.376248087998258	-0.578427870170679	0.723780750840279
0.415089459264562	-0.593165797986056	-0.689822496666352
1.000000000000000	1.000000000000000	1.000000000000000	1.250000000000000
0.337739115773701	3.213986445436572	2.399489297555236
-0.799265166094745	0.478967307067922	0.362995196975446
-0.461951295540466	-0.875991718300780	0.138706560830369
0.384416694247026	-0.056822779137258	0.921409234246849
1.000000000000000	1.000000000000000	1.000000000000000	1.250000000000000
1.181567508026329	17.866007497754037	16.179901781509876
-0.570622441081755	-0.176364608586643	0.802050842884857
-0.818267329930325	0.204750228421813	-0.537136780280741
-0.069488175274879	-0.962794302434349	-0.261148472516501
1.000000000000000	1.000000000000000	1.000000000000000	1.250000000000000
18.494325564674572	0.590630007372765	10.436409960154196
0.467762035592214	-0.714885678105861	0.519747193640433
-0.837641043123124	-0.546215050883358	0.002569253669787
0.282057017168840	-0.436563380767820	-0.854316249194679
1.000000000000000	1.000000000000000	1.000000000000000	1.250000000000000
5.462847817705738	18.287713058676591	4.277215475795607
-0.955597120408442	-0.271414179693264	0.114754026197593
-0.229656951305293	0.441949129092648	-0.867143962679400
0.184639725368694	-0.854994333522547	-0.484657468177335
1.000000000000000	1.000000000000000	1.000000000000000	1.250000000000000
15.261553424740786	11.580270958941441	18.250683409680583
-0.942709097085227	-0.085157037479874	-0.322564469898022
0.075116691805474	0.887866152085594	-0.453928605170160
0.325049289931548	-0.452152601393844	-0.830602783625702
1.000000000000000	1.000000000000000	1.000000000000000	1.250000000000000
1.441831445527017	7.745183806366573	12.252038518092718
-0.524085250132720	0.039392037628551	-0.850754322918576
-0.797275297747577	0.328568568075107	0.506354417058506
0.299477461915215	0.943658287434861	-0.140791641656205
1.000000000000000	1.000000000000000	1.000000000000000	1.250000000000000
2.751832271047252	16.046117819907284	3.132146154204924
-0.244217567733347	0.937749318727106	-0.246949377072763
-0.697794334174344	-0.346778736321831	-0.626759583276800
-0.673380165140260	0.019254175167832	0.739045621009786
1.000000000000000	1.000000000000000	1.000000000000000	1.250000000000000
18.032183127359442	3.101487194996277	3.172101973540332
-0.025267939528410	0.871851028359272	-0.489118917627480
0.859421232462028	-0.230979872068884	-0.456117796070886
-0.510643394577434	-0.431884339896853	-0.743450899876096
1.000000000000000	1.000000000000000	1.000000000000000	1.250000000000000
9.043328565768377	18.115011610430297	17.485947091588841
-0.262086509480856	0.779615718301110	0.568779388978204
0.283011491059025	-0.501375730243554	0.817634926510665
0.922613222036117	0.375262186877179	-0.089236391811502
1.000000000000000	1.000000000000000	1.000000000000000	1.250000000000000
11.377243052461216	17.301367429747021	3.658810380576022
-0.054552107353913	-0.735133868169673	-0.675723511100314
-0.308379786618975	0.656052508348017	-0.688837436188916
0.949697833412728	0.170801938398167	-0.262489472267750
1.000000000000000	1.000000000000000	1.000000000000000	1.250000000000000
11.955105122668005	18.681341830526268	7.013761565246247
0.667995849386358	-0.449613344768672	0.592983461327939
-0.678819863426578	-0.041632757782201	0.733123663850356
-0.304934645818505	-0.892252516771808	-0.333016978687655
1.000000000000000	1.000000000000000	1.000000000000000	1.250000000000000
17.265486568880281	18.910372260241957	7.299387332702681
0.389012099416314	0.507622728607979	0.768757928029187
0.828009035257576	-0.558459916298835	-0.050235041751195
0.403820039175769	0.656080549389959	-0.637563870268780
1.000000000000000	1.000000000000000	1.000000000000000	1.250000000000000
12.650435384114864	19.090292735352509	8.957710069246492
-0.619231656260152	-0.271805623285455	-0.736664006881783
0.729388933951400	-0.546522448940266	-0.411466883033916
-0.290764404482824	-0.792107894137165	0.536676015050809
1.000000000000000	1.000000000000000	1.000000000000000	1.250000000000000
2.336401929520241	5.425735006611935	7.242517537845682
0.133120635293799	-0.463375101396091	0.876106393005120
-0.815449507698261	0.451216933416412	0.362553967559397
-0.563312521477675	-0.762683941357119	-0.317792713481361
1.000000000000000	1.000000000000000	1.000000000000000	1.250000000000000
6.182316683533458	18.663152689067513	0.209441025289173
0.958340555183638	0.241536042244278	0.152458914424427
-0.222293009409874	0.965879202465889	-0.132902912728469
-0.179357738216251	0.093475700270955	0.979332984842920
1.000000000000000	1.000000000000000	1.000000000000000	1.250000000000000
3.717700726732252	2.564908873091517	7.757877076332449
0.213702179066500	0.974554249706623	0.067641651677804
-0.304508933342872	0.132244608366022	-0.943284513321442
-0.928227174875218	0.180984468774517	0.325021436040542
1.000000000000000	1.000000000000000	1.000000000000000	1.250000000000000
16.911599944919985	4.239092090191148	4.441926047648771
-0.710190337276614	-0.470669316673588	0.523545680127549
0.333179894635643	-0.879813852238705	-0.338996671398015
0.620178073337476	-0.066317265853963	0.781652849799579
1.000000000000000	1.000000000000000	1.000000000000000	1.250000000000000
1.025969678238183	1.372093492497002	7.039439562548542
0.651688536035279	-0.234593872166611	0.721295894305256
-0.105875739119388	-0.969792485430192	-0.219756372077471
0.751060836327828	0.066844972470242	-0.656840444696536
1.000000000000000	1.000000000000000	1.000000000000000	1.250000000000000
3.051549829278649	9.760942267859660	4.451052859411596
-0.391730839188315	0.696385704053965	0.601326783718677
0.835867843540078	-0.003796238096273	0.548917604665805
0.384541152237475	0.717657675890798	-0.580599313184515
1.000000000000000	1.000000000000000	1.000000000000000	1.250000000000000
1.587391318573126	3.398844908996414	4.252801224711604
0.614770108413241	0.499575059646425	0.610313422415280
0.311216098338674	0.557371730185295	-0.769728065309819
-0.724708392345594	0.663145168247039	0.187179678102019
1.000000000000000	1.000000000000000	1.000000000000000	1.250000000000000
4.641002215791302	14.731394907404635	2.485527922498355
0.376508504123806	0.606413457344015	-0.700359953933488
-0.338985083561784	-0.613381805089035	-0.713338541163069
-0.862166143759230	0.505989604574636	-0.025378349380081
1.000000000000000	1.000000000000000	1.000000000000000	1.250000000000000
11.357733395653980	11.680177950485618	0.193136788953769
-0.743207074455878	-0.629669555046202	-0.226184650069857
-0.506837727671552	0.309172652992850	0.804691113688973
-0.436759387177812	0.712691042521015	-0.548919589396152
1.000000000000000	1.000000000000000	1.000000000000000	1.250000000000000
18.237134137981819	4.456382903400543	18.923720872396455
-0.411354088994892	-0.888172403113147	0.204786708101277
0.046782148751426	0.203806619970141	0.977892781553231
-0.910274268572066	0.411840556531219	-0.042286073009595
1.000000000000000	1.000000000000000	1.000000000000000	1.250000000000000
5.098445068442805	6.507265670497239	3.557298571001169
-0.700643330498049	0.001976645145266	-0.713508946196489
-0.380762864870932	-0.846740331385573	0.371551412243495
-0.603422376253758	0.532002729390351	0.594015598917355
1.000000000000000	1.000000000000000	1.000000000000000	1.250000000000000
13.255668293526025	13.265356466085064	4.816314601833517
0.578177965016298	0.778270034734312	-0.244961208774469
-0.229470546744797	-0.133004177167667	-0.964185229628036
-0.782977336163968	0.613682036473854	0.101689965892106
1.000000000000000	1.000000000000000	1.000000000000000	1.250000000000000
12.395330605690187	14.925012261888794	5.999466316707724
-0.942346149381708	0.181492033456250	-0.281148317685019
-0.219244546367315	0.299878936356851	0.928441948867457
0.252815275711940	0.936553930812483	-0.242798622412164
1.000000000000000	1.000000000000000	1.000000000000000	1.250000000000000
1.480510859632857	14.324126398435427	10.038800090514668
0.881763551971861	-0.137291801549091	0.451269320518614
-0.356595608015188	0.432214639138480	0.828269327005983
-0.308759794594725	-0.891258361499074	0.332153461972084
1.000000000000000	1.000000000000000	1.000000000000000	1.250000000000000
4.713620449117252	14.252580669426115	11.294228561696315
-0.260324218459542	-0.231803014193699	-0.937282595535583
-0.679913407174972	-0.645231604498232	0.348416324675188
-0.685528307239691	0.727972210436014	0.010363435992532
1.000000000000000	1.000000000000000	1.000000000000000	1.250000000000000
11.435984479320982	18.021109486435023	1.553656376375005
-0.668062019084998	-0.490526564182873	-0.559532687595029
-0.648913568830828	0.752047456409063	0.115480749457353
0.364148759222990	0.440236655832723	-0.820723685546607
1.000000000000000	1.000000000000000	1.000000000000000	1.250000000000000
17.518551499721134	0.072518687673719	2.617704137031974
-0.583105409483423	0.227727878003999	0.779825682451188
-0.479109453505713	-0.871605756701836	-0.103718544367187
0.656080950029990	-0.434100700833161	0.617344610848245
1.000000000000000	1.000000000000000	1.000000000000000	1.250000000000000
1.161175517094695	4.651232979448241	16.929393155505398
0.839963150233732	-0.164094624491590	0.517237721422557
-0.409328104435706	0.434166985664341	0.802464660578947
-0.356247679527397	-0.885760680303674	0.297515727414872
1.000000000000000	1.000000000000000	1.000000000000000	1.250000000000000
3.824069032501747	15.255287621714849	9.268377184747530
-0.849704523495295	-0.232128817070585	0.473411485957322
-0.232808782118184	0.970782611054471	0.058148026987332
-0.473077471160384	-0.060805709923021	-0.878920003140295
1.000000000000000	1.000000000000000	1.000000000000000	1.250000000000000
3.986405939366305	14.658534467875510	13.158842692369941
-0.095938402292960	-0.862755995875361	-0.496435206795512
0.610737398331396	0.342801560364531	-0.713783524950637
0.785999779417602	-0.371670797605201	0.494029518310824
1.000000000000000	1.000000000000000	1.000000000000000	1.250000000000000
2.910470510996058	18.824236170545714	19.303035778066100
0.550543963524867	-0.635740421553126	0.541050330958049
0.730929215065860	0.680194291729706	0.055481601111083
-0.403291243134936	0.364924433139889	0.839158108647328
1.000000000000000	1.000000000000000	1.000000000000000	1.250000000000000
7.844331846165049	12.457215597186414	13.234896840494782
0.041627434405956	0.859782617525685	-0.508960712928692
0.104753999616565	-0.510350446375993	-0.853562546886655
-0.993626567815100	-0.017784051395074	-0.111310247717182
1.000000000000000	1.000000000000000	1.000000000000000	1.250000000000000
13.722667813440582	8.395349518623473	9.637010325665493
0.485899537771349	-0.426820351860688	0.762709660638105
-0.167818558931194	-0.901974718563527	-0.397842353640460
0.857752044865643	0.065314579608578	-0.509897475203226
1.000000000000000	1.000000000000000	1.000000000000000	1.250000000000000
17.947977511793280	7.568550068091137	2.298377332861180
-0.215807689889867	0.239776828033784	-0.946537962113577
-0.167831631631172	0.945845028559560	0.277866380430083
0.961904145124778	0.218824712241041	-0.163878494330997
1.000000000000000	1.000000000000000	1.000000000000000	1.250000000000000
8.498937647146978	12.724595018619981	16.473187848211396
0.926840413384848	0.065795394467414	-0.369645525041608
0.365338297717753	0.068967231893259	0.928316459590100
0.086572376293174	-0.995446878036134	0.039884040305563
1.000000000000000	1.000000000000000	1.000000000000000	1.250000000000000
1.110375026006914	7.481053620453715	14.396690212618893
-0.441885901318237	-0.770965359945244	0.458638489422961
0.883358803517915	-0.463013257728101	0.072773260303952
0.156250038282595	0.437299824985210	0.885638068628465
1.000000000000000	1.000000000000000	1.000000000000000	1.250000000000000
2.456492156207461	5.882311245922507	12.786545760617546
-0.338319813878678	-0.782650081490787	0.522492634856512
0.483173990824373	-0.620930995437936	-0.617241924609131
0.807516314465310	0.043629678508085	0.588229422100989
1.000000000000000	1.000000000000000	1.000000000000000	1.250000000000000
4.896304407475686	6.845470078390573	16.378370509639527
0.360763925880535	-0.782357120249384	-0.507707323344578
-0.806253891204582	0.012033866209331	-0.591447249533909
0.468832648927394	0.622713836732726	-0.626437087695477
1.000000000000000	1.000000000000000	1.000000000000000	1.250000000000000
4.209661592716960	10.715248006585513	14.850331792451735
-0.441366610929690	-0.703680768110959	0.556802380873851
0.533109030482671	0.293499404194859	0.793506686395967
-0.721796561625051	0.647063734362738	0.245597734717567
1.000000000000000	1.000000000000000	1.000000000000000	1.250000000000000
12.509596472301981	14.560338539894843	8.055007647470354
-0.427818157590206	-0.783219362330881	0.451153027814349
0.213814880143013	-0.572665837057832	-0.791414579152969
0.878211148338031	-0.242118296574969	0.412460797407400
1.000000000000000	1.000000000000000	1.000000000000000	1.250000000000000
8.497893615709616	19.376630187186123	8.078757614240814
-0.500910001097593	0.742834573503728	-0.444168849883649
0.555752693021476	-0.117359609592158	-0.823022275662332
-0.663496883941039	-0.659108123484452	-0.354045712524536
1.000000000000000	1.000000000000000	1.000000000000000	1.250000000000000
6.958660072046420	6.766746605992887	2.547347983260266
0.105265634117515	-0.009040033500093	0.994403049103700
0.985400973168470	0.135496305896124	-0.103080905925119
-0.133806084882611	0.990736609236096	0.023171162369204
1.000000000000000	1.000000000000000	1.000000000000000	1.250000000000000
19.495392977493001	18.288049160657209	10.569754961537717
-0.217800189035268	-0.909132799042774	0.355022015319095
-0.422240579145484	0.415722509724297	0.805535652985707
-0.879929526143477	0.025541116137203	-0.474417200792144
1.000000000000000	1.000000000000000	1.000000000000000	1.250000000000000
8.938597188969164	19.385865678944022	19.103644439469328
-0.938075417079286	0.030028720981950	0.345127205227084
0.346033212596282	0.128953203851983	0.929318076331542
-0.016599025632871	0.991195917633135	-0.131358765278701
1.000000000000000	1.000000000000000	1.000000000000000	1.250000000000000
12.805295086698086	8.046052055229993	14.574266539653303
-0.935951899081053	0.275991518788746	0.218684073865834
0.207769185943184	-0.068566552082470	0.975771793662866
0.284299152264562	0.958711275354329	0.006832461449067
1.000000000000000	1.000000000000000	1.000000000000000	1.250000000000000
10.577434924532009	7.925832216652440	1.239284681968749
-0.863597023031569	0.087909509590260	0.496459565255890
0.305806990695141	-0.691543164281276	0.654408233732794
0.400851925594042	0.716965808151710	0.570331275389858
1.000000000000000	1.000000000000000	1.000000000000000	1.250000000000000
3.783876663943071	12.071169318373526	6.961387418183238
-0.204386901023665	0.883615475719459	-0.421247772408142
-0.351946630952355	-0.467888488208174	-0.810687320465994
-0.913432845726400	-0.017437134833993	0.406615767866342
1.000000000000000	1.000000000000000	1.000000000000000	1.250000000000000
16.859323679040372	16.519275836605509	14.714920989737013
-0.715322109555228	0.694921138454292	0.073477145500498
-0.698480339691839	-0.707882068664822	-0.105015198549049
-0.020964127574230	-0.126442034910241	0.991752447520233
1.000000000000000	1.000000000000000	1.000000000000000	1.250000000000000
15.214336988308679	19.153225570465381	6.623359521350214
-0.227519907269885	0.559266038469684	-0.797155060205040
0.014597396193764	-0.816573963436135	-0.577056217592515
-0.973664011772067	-0.142928165357837	0.177623004498733
1.000000000000000	1.000000000000000	1.000000000000000	1.250000000000000
9.306129105775629	13.160971120264191	0.413394109617636
-0.062905258536837	-0.989918026915554	-0.126906376654415
-0.393921463794433	0.141461426146061	-0.908193011024906
0.916988990560834	-0.007138970503315	-0.398848625783780
1.000000000000000	1.000000000000000	1.000000000000000	1.250000000000000
16.166860757471230	1.195224239671536	19.079850542257386
-0.347894548180419	0.715844303683892	-0.605422427921150
-0.916195380292512	-0.122595939008509	0.381518362428029
0.198885415447106	0.687413389906267	0.698503702854011
1.000000000000000	1.000000000000000	1.000000000000000	1.250000000000000
5.635941711851121	8.967726917516478	8.749627224434853
-0.594252465491053	0.731612790787774	-0.334075936896457
-0.488838915249613	-0.658397289745378	-0.572319424616222
-0.638670902887302	-0.176792910523149	0.748895015735255
1.000000000000000	1.000000000000000	1.000000000000000	1.250000000000000
8.931206554502104	10.355818748541768	7.028804608183482
0.615737644977564	0.272986048900913	-0.739152061258667
-0.768532702946173	0.001091447198567	-0.639809575768001
-0.173852342691300	0.962017372944842	0.210470751156078
1.000000000000000	1.000000000000000	1.000000000000000	1.250000000000000
18.096593409110927	17.772960932436916	8.927933829802916
0.997993591031474	0.027052103201316	0.057244877250841
-0.055946111805226	-0.046547651389688	0.997348158229345
0.029644979894180	-0.998549698242882	-0.044940797774208
1.000000000000000	1.000000000000000	1.000000000000000	1.250000000000000
18.827352316641129	10.436039886390525	14.586211999516694
0.748773986587092	-0.492817918658744	0.443247127525622
0.087341561809834	-0.589532507281319	-0.803008639081477
0.657045636612546	0.639985876334723	-0.398383118996190
1.000000000000000	1.000000000000000	1.000000000000000	1.250000000000000
10.920765002986849	2.770864579240453	4.570220692873820
0.489296252824373	-0.586105209865878	-0.645809461017346
-0.839387049360959	-0.517454616979863	-0.166343321870027
-0.236682399718283	0.623475262006104	-0.745157727819323
1.000000000000000	1.000000000000000	1.000000000000000	1.250000000000000
13.476483659948681	5.034794635830207	16.703452611469707
-0.102461676902898	0.964517135389708	0.243327557636509
-0.595218853861675	0.136543514110773	-0.791877758724051
-0.797004467223025	-0.225970273030338	0.560108306430604
1.000000000000000	1.000000000000000	1.000000000000000	1.250000000000000
17.974074658741017	2.245690925823105	13.366362856810609
-0.144586141077546	0.880865263702161	-0.450745199653547
0.985650586243367	0.088111923232007	-0.143976424535863
-0.087107804736608	-0.465094265914685	-0.880965126532491
1.000000000000000	1.000000000000000	1.000000000000000	1.250000000000000
13.505520270340707	16.516434063761462	12.800470139992079
-0.530406786046311	-0.381882120198755	0.756858432990194
-0.843837202998718	0.323436473774066	-0.428167750148549
-0.081286014485055	-0.865768383405410	-0.493799240728392
1.000000000000000	1.000000000000000	1.000000000000000	1.250000000000000
0.625826069748778	7.130692322551528	9.081794843433194
-0.373898668601470	-0.452009474197521	-0.809868644197125
0.505362042727882	0.632901154407143	-0.586553778027998
0.777694664625513	-0.628588549040550	-0.008212467776349
1.000000000000000	1.000000000000000	1.000000000000000	1.250000000000000
0.825335201907202	4.132078401868879	9.705200616243948
0.931007720641576	0.222016852390530	0.289712169851902
-0.076861126104371	-0.656684293101731	0.750238699672626
0.356815066105045	-0.720745625340269	-0.594313681612883
1.000000000000000	1.000000000000000	1.000000000000000	1.250000000000000
2.022872842849182	8.892094188134994	17.325195210773789
0.313776682959230	-0.874493017768512	-0.369873160834230
0.091061218204340	0.415466441266695	-0.905038944311082
0.945120123460488	0.250299017288200	0.209996081330730
1.000000000000000	1.000000000000000	1.000000000000000	1.250000000000000
9.792163728299373	17.322826326659431	8.136022630012494
-0.228427406561333	0.080484433843587	0.970228414261582
0.455103313188813	0.889814475502703	0.033334269319624
-0.860640397760210	0.449168626570673	-0.239886745462157
1.000000000000000	1.000000000000000	1.000000000000000	1.250000000000000
17.024918198662071	15.902701670735526	8.134922096823825
-0.413750654312527	-0.036407534400315	-0.909661963311106
0.906120426067121	-0.113129130700259	-0.407612037667248
-0.088069117857124	-0.992913033062999	0.079796862431906
1.000000000000000	1.000000000000000	1.000000000000000	1.250000000000000
5.546897126756253	12.110365198796766	18.616502075817383
-0.551713013137739	-0.712209701507837	-0.434016234964960
0.833978776485182	-0.477084576740507	-0.277253867434667
-0.009599557589229	-0.514924895217254	0.857181544819430
1.000000000000000	1.000000000000000	1.000000000000000	1.250000000000000
2.902110839994333	4.685157716405581	0.560477524641751
0.066999541149707	0.122479006079106	-0.990207026108698
0.583147281086698	-0.810092259645739	-0.060743554582479
-0.809598857488457	-0.573366744703404	-0.125699109070426
1.000000000000000	1.000000000000000	1.000000000000000	1.250000000000000
7.527510216782421	17.518217785102681	8.563152945690785
0.589650993587626	0.195804365734557	0.783563881326812
0.404269159806707	0.768330647370307	-0.496220175668533
-0.699198220957287	0.609367431580050	0.373889263203731
1.000000000000000	1.000000000000000	1.000000000000000	1.250000000000000
3.314872687689972	16.640200212506358	12.906560860571673
0.258758700950030	-0.958537971548178	-0.119368721960877
-0.909730140271191	-0.200291185324232	-0.363695632313380
0.324707570846416	0.202702733532071	-0.923837970238026
1.000000000000000	1.000000000000000	1.000000000000000	1.250000000000000
18.057489875546693	10.620439011230637	9.415216419786244
-0.259103526825642	-0.300883499758475	-0.917787819683503
0.684207528786432	-0.727869073984781	0.045460627895029
-0.681707723249816	-0.616178327036627	0.394460199959130
1.000000000000000	1.000000000000000	1.000000000000000	1.250000000000000
10.681181507832939	10.935293408020696	15.849828316468193
-0.949081520004733	0.308757217400157	0.062555967649967
-0.298074995708701	-0.944384586429004	0.138885023845283
0.101958645138805	0.113166839748157	0.988330765008663
1.000000000000000	1.000000000000000	1.000000000000000	1.250000000000000
18.974972084882594	12.269272903747927	18.239311351261865
-0.587554056771157	-0.723441284263709	-0.362509225529663
-0.763699012954942	0.643851922050222	-0.047101168597057
0.267477191518387	0.249173455036201	-0.930789203483565
1.000000000000000	1.000000000000000	1.000000000000000	1.250000000000000
7.907707021995003	15.446264043753503	9.049823413494625
-0.453229945207224	-0.493696755710968	0.742190090319490
0.195873660643150	0.757108534116643	0.623233645300363
-0.869606880052398	0.427843640794730	-0.246442068644854
1.000000000000000	1.000000000000000	1.000000000000000	1.250000000000000
8.030700775392745	4.663180194532360	7.144259585229506
-0.817469912020966	0.126441109660019	-0.561921336779427
-0.059880574077892	0.951662568077115	0.301251843760092
0.572850119828987	0.279912490447685	-0.770384149566158
1.000000000000000	1.000000000000000	1.000000000000000	1.250000000000000
15.923867308726170	3.270963655306481	0.453190760747293
-0.544362904574855	0.187379348887516	-0.817653965766001
0.048965228230783	0.980168125043407	0.192023053494054
0.837419509294276	0.064493614097819	-0.542742240104331
1.000000000000000	1.000000000000000	1.000000000000000	1.250000000000000
2.174061970224300	5.909308240853366	15.028413080610308
0.932449498486291	-0.316578576794994	0.174114725071433
-0.358464869224636	-0.870875730058576	0.336271319512392
0.045175992562325	-0.375970035387468	-0.925529935867140
1.000000000000000	1.000000000000000	1.000000000000000	1.250000000000000
2.315591847366804	10.842140280467451	18.453249358154810
0.378335721746910	0.125510843580194	-0.917120008392331
0.042223100635954	0.987393979712583	0.152546185137379
0.924704975342074	-0.096437321463284	0.368266956983724
1.000000000000000	1.000000000000000	1.000000000000000	1.250000000000000
2.954943744658441	17.836957691172067	17.120656651409380
-0.161901888443145	-0.154259982729554	0.974675143956495
0.984979604360178	-0.085341360523745	0.150106732618373
0.060024640872625	0.984337701152913	0.165759864188666
1.000000000000000	1.000000000000000	1.000000000000000	1.250000000000000
14.006066594419531	19.489354687868342	12.761925904166251
0.877003250063305	-0.463550920253060	0.126435136376910
-0.433634189475235	-0.650260150738916	0.623797343758023
-0.206946101911301	-0.601898895740635	-0.771291793169119
1.000000000000000	1.000000000000000	1.000000000000000	1.250000000000000
2.382460121607669	17.491823014467300	4.737671859099620
0.338801622289721	0.863496546780750	-0.373613670027820
0.759384680915586	-0.485411417833188	-0.433255884931894
-0.555471301801194	-0.136928700918283	-0.820184225488648
1.000000000000000	1.000000000000000	1.000000000000000	1.250000000000000
12.389313584984453	10.279648247468543	14.741982367714735
-0.599169189754298	-0.398239449208950	0.694551382651260
-0.146215992728275	-0.798495154649996	-0.583974632557554
0.787157649724205	-0.451454127341723	0.420204718424723
1.000000000000000	1.000000000000000	1.000000000000000	1.250000000000000
7.562150878062178	7.996236998891833	9.411939791433161
-0.029703166601169	0.489918289092121	0.871262183218787
-0.673408694426564	-0.653954731874487	0.344766499141106
0.738673440814713	-0.576474872542111	0.349339761783712
1.000000000000000	1.000000000000000	1.000000000000000	1.250000000000000
7.660609759821197	17.204592654793665	3.527765081154851
0.321978111515915	0.864533813248706	-0.385890374918361
-0.379840585383218	0.491314918541848	0.783792562170388
0.867208870688237	-0.105787223085102	0.486577679339674
1.000000000000000	1.000000000000000	1.000000000000000	1.250000000000000
16.712545665355886	4.747577822620910	9.385862998127594
-0.653797087002508	-0.606041145010479	0.453060150069992
-0.238158837636243	0.733139954660407	0.637013480968930
-0.718212877274273	0.308577279518843	-0.623658821377559
1.000000000000000	1.000000000000000	1.000000000000000	1.250000000000000
3.865964974041185	18.188468243406444	11.236302890614152
-0.910632370629651	-0.187210109029503	0.368376248744238
-0.041134666459111	0.928124431184515	0.369990512653277
-0.411164960541333	0.321772303524381	-0.852880976401553
1.000000000000000	1.000000000000000	1.000000000000000	1.250000000000000
4.863176689959405	2.247822863817404	19.120104633253412
0.999284802358238	-0.024838515288410	0.028511961185394
0.030625801146763	0.973887077877935	-0.224957817924832
-0.022179812363639	0.225670130277524	0.973951255566498
1.000000000000000	1.000000000000000	1.000000000000000	1.250000000000000
0.941809016644212	6.011895903650705	10.960928605646840
-0.894398054022154	-0.416298824727751	-0.163546352733296
0.403543049642272	-0.908762190851362	0.106321623219871
-0.192886308605239	0.029095858968464	0.980789632359498
1.000000000000000	1.000000000000000	1.000000000000000	1.250000000000000
18.376277069275972	7.536036181285882	6.759104567958357
-0.429546485375876	-0.833159321415673	0.348332258109894
0.748731595083756	-0.544234953202292	-0.378430065185241
0.504867126504311	0.098254062772864	0.857586919049206
1.000000000000000	1.000000000000000	1.000000000000000	1.250000000000000
15.669670772364537	1.803374328519917	9.360153029221525
0.899053732783537	0.264762302738187	0.348716659505153
0.356322809329127	-0.905271548424324	-0.231338451548186
0.254433569167803	0.332241398175505	-0.908228612309740
1.000000000000000	1.000000000000000	1.000000000000000	1.250000000000000
11.050270169635159	3.414502099748833	8.773138664855274
0.196266304899263	-0.815875316657108	0.543899811758086
-0.540707207483269	0.372680134766516	0.754151995904069
-0.817994653611309	-0.442105173934886	-0.368005111164210
1.000000000000000	1.000000000000000	1.000000000000000	1.250000000000000
15.331679381618990	16.536271830804985	16.544596220709735
0.462806218598947	0.861156115041368	0.210286826866207
0.534338358445950	-0.460287226873835	0.708955702050643
0.707313878500702	-0.215744789749723	-0.673172535815771
1.000000000000000	1.000000000000000	1.000000000000000	1.250000000000000
11.937886138209398	4.380944837864314	5.333396373764039
-0.509779751480569	-0.382312454950813	-0.770689166765410
0.809068590115103	0.091487172839003	-0.580549837391009
0.292459606559266	-0.919492949399147	0.262678690676971
1.000000000000000	1.000000000000000	1.000000000000000	1.250000000000000
0.749804400886398	11.169042811196398	2.902650995534313
-0.193934140060257	-0.960805675337886	0.198095945335864
-0.208112475075698	-0.157039914646454	-0.965415797947146
0.958685948075824	-0.228453320061773	-0.169500246359249
1.000000000000000	1.000000000000000	1.000000000000000	1.250000000000000
4.414028109910589	8.017167466953548	7.219365387844420
-0.785047021047723	0.510634135549056	-0.350647906532087
0.488641821478154	0.162605860606476	-0.857198054359936
-0.380697182870910	-0.844282010768513	-0.377170440577629
1.000000000000000	1.000000000000000	1.000000000000000	1.250000000000000
14.090478916721130	11.556751112969270	6.028365599891722
0.907112692724851	0.419256377685445	0.037022323911013
0.416894188605392	-0.882933930546705	-0.215932651065706
-0.057842875141099	0.211309640242595	-0.975706122629167
1.000000000000000	1.000000000000000	1.000000000000000	1.250000000000000
5.459081978292421	18.349817372174822	8.309515758343961
0.532327350319080	-0.640693637399449	0.553298522587327
-0.177470722472315	-0.723538962073287	-0.667079840069725
0.827726847919632	0.256910555169155	-0.498863941245785
1.000000000000000	1.000000000000000	1.000000000000000	1.250000000000000
4.560482367332447	18.198665897479849	13.670029609468159
-0.013625327481518	0.928441690405624	-0.371228202010858
0.955381628388550	-0.097466734056628	-0.278830019706826
-0.295059815272152	-0.358463754471071	-0.885688117873468
1.000000000000000	1.000000000000000	1.000000000000000	1.250000000000000
16.881522816838590	18.022051594897054	3.871096136978153
-0.015950880713757	0.002686568180065	0.999869167317932
-0.935085338423727	-0.354147378523300	-0.013965820798066
0.354063524342156	-0.935185765842558	0.008161133105769
1.000000000000000	1.000000000000000	1.000000000000000	1.250000000000000
3.077719428063340	15.662536401075696	5.380324116736054
-0.807491782457580	-0.257056614568258	0.530922704515159
0.207150647551970	-0.966303445025671	-0.152794834172815
0.552309361211327	-0.013399590956159	0.833531535384012
1.000000000000000	1.000000000000000	1.000000000000000	1.250000000000000
11.436821382522934	5.994505581777022	11.254434108925134
-0.909471917839049	0.178683328801063	0.375410573466420
-0.374898903944321	-0.742826308673939	-0.554670971804937
0.179754394893800	-0.645198685018755	0.742567851691630
1.000000000000000	1.000000000000000	1.000000000000000	1.250000000000000
19.476103477274943	19.087835292002111	7.031810441179727
-0.424246779511235	0.897474630235874	-0.120639786790286
0.413487885538926	0.310515234400256	0.855925264095953
0.805631701577241	0.313240446443229	-0.502829975364546
1.000000000000000	1.000000000000000	1.000000000000000	1.250000000000000
17.997305182525906	11.730005341918611	11.085475572507042
-0.595669731108665	-0.651032846016137	-0.470461268170404
-0.769688048929881	0.295151016545334	0.566097327997662
-0.229690833022747	0.699315458744856	-0.676904727701436
1.000000000000000	1.000000000000000	1.000000000000000	1.250000000000000
4.099214057180920	12.754098759183929	2.702799676927296
0.692937821617124	0.428167622147685	0.580094529121533
0.465723486267129	-0.880007218497335	0.093214428773984
0.550398773355773	0.205571843249040	-0.809198002686214
1.000000000000000	1.000000000000000	1.000000000000000	1.250000000000000
6.492193070108586	17.517865410974469	14.739733779043624
-0.457936606455419	0.243172676238746	0.855079595125092
0.228043509628501	0.961808331027884	-0.151396473146606
